src/logic/main.cpp:1591528709.8945136
src/engine/core/mesh/VertexBuffer.cpp:1590829642.9068425
src/engine/core/mesh/Mesh.cpp:1591525954.6458082
src/engine/core/mesh/Mesh.h:1591093157.8708286
src/engine/core/mesh/VertexBuffer.h:1590829602.5177832
src/engine/core/Utils.h:1591305145.5202703
src/engine/core/Input.h:1590672871.3824563
src/engine/core/Utils.cpp:1591116543.0796099
src/engine/core/Input.cpp:1590672970.6955168
src/engine/core/Window.cpp:1590672661.2276454
src/engine/core/GL.cpp:1590751977.6877909
src/engine/core/Window.h:1590671465.82331
src/engine/core/texture/Framebuffer.cpp:1590662324.198597
src/engine/core/texture/Texture.cpp:1590787151.5160854
src/engine/core/texture/Framebuffer.h:1590828846.2723312
src/engine/core/texture/stb_image.h:1590574840.9387572
src/engine/core/texture/Texture.h:1590828853.7535422
src/engine/core/GL.h:1591093152.2128227
src/engine/core/Transformation.cpp:1591456935.567209
src/engine/core/shader/Shader.h:1591093224.189823
src/engine/core/shader/Shader.cpp:1591093951.2929006
src/engine/core/Transformation.h:1591456728.3780649
src/engine/core/PixelBit.h:1590828871.299666
src/engine/extensions/full_lighting/LightScene.cpp:1591456548.3782988
src/engine/extensions/full_lighting/LightScene.h:1591346715.4330032
src/engine/extensions/group/Group.h:1591094949.2760704
src/engine/extensions/group/Group.cpp:1591094936.4727407
src/engine/extensions/camera/PerspectiveCamera.h:1591279830.435417
src/engine/extensions/camera/PixelCamera.cpp:1591095253.506183
src/engine/extensions/camera/Camera.h:1591095046.2540052
src/engine/extensions/camera/PixelCamera.h:1591095258.7672064
src/engine/extensions/camera/PerspectiveCamera.cpp:1591346394.7518444
src/engine/extensions/controls/FlightControls.cpp:1591306159.8776972
src/engine/extensions/controls/PerspectiveFly.cpp:1591456984.4854147
src/engine/extensions/controls/FlightControls.h:1591187828.6162624
src/engine/extensions/controls/PerspectiveFly.h:1591454902.8703017
src/engine/extensions/terrain/BasicTerrainLayer.h:1591528493.124401
src/engine/extensions/terrain/TerrainBuilder.h:1591528451.8678126
src/engine/extensions/terrain/simplex/Simplex.cpp:1591527887.7497678
src/engine/extensions/terrain/simplex/Simplex.h:1591527861.1909115
src/engine/extensions/terrain/simplex/SimplexTerrainLayer.h:1591528468.5938537
src/engine/extensions/terrain/TerrainBuilder.cpp:1591528459.5947857
src/engine/extensions/loaders/OBJLoader.h:1590828332.65412
src/engine/extensions/loaders/OBJLoader.cpp:1590768236.8561852
src/engine/extensions/loaders/OBJ_Loader.h:1590767951.3928401